1
89
13.200000
13.750000
13.630000
13.640000
12.930000
13.500000
13.050000
13.050000
14.220000
13.050000
13.940000
13.770000
14.220000
13.670000
12.170000
12.290000
11.960000
12.080000
11.840000
12.670000
12.080000
12.290000
12.470000
11.810000
12.290000
12.520000
12.770000
11.450000
12.250000
12.930000
13.520000
13.320000
12.580000
13.840000
13.690000
12.960000
13.730000
12.820000
13.400000
12.200000
13.710000
14.230000
13.160000
13.240000
14.830000
14.380000
14.060000
13.870000
14.020000
13.730000
13.510000
13.410000
13.240000
14.210000
13.820000
12.370000
12.330000
12.370000
12.370000
13.340000
12.210000
12.330000
12.000000
11.650000
11.620000
12.080000
12.510000
11.030000
11.820000
12.420000
12.420000
12.070000
12.430000
11.790000
12.040000
12.810000
13.490000
13.360000
13.620000
13.160000
13.080000
13.170000
12.450000
14.340000
13.480000
13.780000
13.450000
13.270000
13.170000
