1 0 -0.64286 -1 1 0.82857 1 -1 1 -0.23393 1 0.96161 1 -0.37679 1 -1 1 0.13839 1 -1 1 -0.03393 -0.84286 1 0.5375 0.85714 1 1 1 -1 1 -1 1 -1 
1 0 1 0.83892 0.906545 0.910105 0.670145 1 -0.031755 0.902705 -0.63512 1 -0.895675 0.88546 -1 0.56397 -0.69523 -0.582065 -0.989535 -0.42437 -0.865415 -0.881695 -0.452545 -0.987455 0.6569 -1 0.70889 -0.96648 0.628865 -1 0.96785 -0.34954 0.99408 0.191455 
0 0 -1 1 1 0 0 0 0.5 -0.5 1 -1 1 0 -0.5 -0.5 0.5 -0.5 -0.5 -0.5 0 0 0.5 0.5 -1 0 1 -1 0 1 -1 -1 0 0 
0.666667 0 0.981993 -0.00895 -1 0.75377 -0.787977 0.177277 0.67969 0.192087 0.820177 0.34555 -0.354043 -0.31616 -0.399213 -0.16633 0.882427 0.165943 0.74269 -0.324513 -0.43245 -0.43818 -0.678963 -0.26289 0.94624 -0.378003 0.840693 -0.860433 1 -0.619847 -0.248487 0.46884 -0.0774067 0.49936 
1 0 0.374804 0.0268522 0.0484211 0.0925122 0.0468444 0.525128 0.229547 0.3084 0.243416 -0.0413833 -0.0838067 0.0485111 0.00316667 0.188268 0.0741889 0.193997 0.0919033 0.26596 -0.0832922 0.09644 -0.0150989 0.0141878 0.0113589 0.0620722 0.04271 0.0235833 -0.0750467 0.0446589 -0.0464244 0.00635111 0.0196622 0.0397967 
1 0 0 0 0.994595 -0.613515 0.094595 -0.027025 0 0 0.966215 0.536485 1 -0.22671 1 0.151575 1 -0.556755 0 0 0.5 -0.105405 1 0.29189 0 0 1 -0.58784 0 0 1 -0.62973 0.144595 -0.07838 
1 0 1 -0.45161 1 1 0.71216 -1 0 0 0 0 0 0 -1 0.14516 0.54094 -0.3933 -1 -0.54467 -0.69975 1 0 0 1 0.90695 0.51613 1 1 -0.20099 0.25682 1 -0.32382 1 
1 0 0 0 -1 -0.62766 1 0.51064 0.07979 -0.23404 -1 -0.3617 0.12766 -0.59043 1 -1 0 0 0.82979 -0.07979 -0.25 1 0.17021 -0.70745 0 0 -0.19149 -0.46809 -0.2234 -0.48936 0.74468 0.90426 -0.67553 0.45745 
0 0 1 -1 1 1 1 -1 1 1 1 -1 1 -1 1 -1 1 1 1 1 1 1 1 -1 1 1 1 1 1 1 1 1 1 -1 
1 0 0.592795 0.16794 0.494675 0.25306 0.357955 0.402275 0.05682 0.332955 0.09135 0.478795 -0.13409 0.390905 -0.06675 0.37979 -0.12382 0.412345 -0.454545 0.247725 -0.283095 0.11971 -0.295845 0.21976 -0.26243 -0.040155 -0.219565 -0.098 -0.6377 -0.59857 -0.11439 -0.16056 -0.0621 -0.16766 
1 0 0.884717 0.380273 0.657787 0.693603 0.32137 0.877377 -0.0495067 0.914067 -0.40215 0.814003 -0.674697 0.567133 -0.822297 0.266657 -0.820753 -0.08703 -0.679393 -0.344397 -0.45583 -0.60303 -0.1763 -0.696517 0.10675 -0.671107 0.341603 -0.540853 0.494047 -0.339403 0.548283 -0.10914 0.512283 0.126203 
1 0 0 0 -1 -1 -1 1 0 0 -1 1 1 1 1 -1 0 0 0 0 -1 -1 -1 1 1 0.4375 1 -1 0 0 -1 -1 -1 1 
1 0 1 -0.594145 0.465175 -0.18078 0.335365 -0.96431 0.90441 0.25299 0.04481 -0.81298 0.17216 -0.348535 -0.258425 -0.487575 0.38779 -0.697215 0.53319 -0.80147 -0.065755 -0.2265 0.00163 -0.67867 -0.60166 -0.632845 -0.60234 -0.592005 0.4048 -0.557965 0.41687 -0.53144 -0.06869 -0.012235 
1 0 0.952678 -0.023836 0.798884 0.151886 0.87283 -0.11715 0.930774 -0.163996 0.93225 -0.087146 0.940168 -0.135096 0.86975 0.074314 0.893806 -0.012294 0.911688 0.12349 0.91377 -0.074428 0.801586 -0.279372 0.847232 0.002714 0.895478 -0.047826 0.91949 0.006798 0.84755 0.103844 0.90568 -0.130658 
1 0 0.810109 0.0527107 0.851002 -0.00712857 0.836399 0.0451721 0.819832 -0.0230343 0.820386 0.03397 0.843084 0.00643929 0.822648 0.0119093 0.838754 -0.00826357 0.814944 0.0130786 0.797444 -0.027085 0.807556 0.00112214 0.794417 -0.0409979 0.786442 0.00462 0.765134 0.0265171 0.771826 0.0147529 0.752141 0.0136843 
1 0 0.97979 -0.0943514 0.944007 -0.0583114 0.988613 -0.206113 0.975777 0.0539986 0.979516 0.01373 0.943066 -0.190187 0.976131 -0.182491 0.930619 -0.160601 0.90258 -0.260147 0.95358 -0.296004 0.919504 -0.331543 0.93274 -0.429023 0.85957 -0.336821 0.838169 -0.332926 0.806069 -0.356084 0.770521 -0.407349 
0 0 0 0 0 0 0 0 1 1 1 1 0 0 0 0 -0.375 -1 -1 -1 0 0 0 0 -1 -1 -1 -1 -1 1 1 0 0 0 
1 0 0.729577 -0.0216133 0.597307 -0.0539833 0.86388 -0.0379733 0.849577 0.0625267 0.65018 0.0325467 0.75859 0.19437 0.818607 -0.220187 0.683207 -0.27271 0.780653 -0.119653 0.82981 0.355253 0.38186 -0.0957133 0.70524 -0.110373 0.71937 -0.0821067 0.559543 -0.18508 0.657827 -0.236737 0.72368 -0.0683333 
1 0 0.956296 -0.04469 0.946127 -0.0489711 0.946619 -0.0712044 0.938962 -0.0245811 0.936023 -0.0354644 0.928222 -0.0283844 0.919768 -0.0887733 0.88072 -0.11688 0.905342 -0.107217 0.928719 -0.0507744 0.911231 -0.0596633 0.874818 -0.150692 0.886263 -0.132251 0.890951 -0.159427 0.827329 -0.139541 0.86401 -0.178908 
0.8 0 0.272636 -0.311394 0.098612 0 0.736364 -0.8 0.79591 0.899304 0.414788 0.084818 0.317612 -0.569696 0.2 0.2 0.376424 -0.175424 0.626334 -0.361364 0.2 0.2 0.2 0.2 -0.052572 0.371606 0.866666 -0.191606 0.186364 -0.483334 -0.02784 -0.540152 0.095138 0.2 
1 0 0.978766 0.0369886 0.982753 -0.01384 0.98119 -0.00294429 0.977343 -0.04155 0.984141 -0.0195571 0.982971 -0.00125143 0.988776 -0.0352829 0.981681 -0.0176214 0.976989 0.00314571 0.976349 -0.0332486 0.975201 -0.0191514 0.96519 -0.0628357 0.972883 -0.03424 0.965743 -0.00566429 0.978637 -0.0533429 0.969537 -0.04553 
1 0 1 0.11385 0.70019 -0.12144 0.81594 0.09677 0.71157 0.01139 0.56167 -0.0778 0.6907 0.12524 0.58634 0.03985 0.53131 -0.03416 0.6945 0.16888 0.72676 0.07211 0.32068 0.05882 0.53321 0.37381 0.4909 0.17951 0.1518 0.32448 0.44141 0.18897 0.56167 0.1518 
1 0 1 -0.09524 -1 -1 -1 -1 1 0.31746 0.81349 0.7619 -1 -1 -1 1 0.47364 1 1 1 0.68839 -1 -1 -1 0.82937 0.36508 1 1 1 0.50794 -1 -0.3254 -1 0.72831 
1 0 0.62121 -0.63636 0 0 0 0 0.3447 0.28788 0.42803 0.39394 -0.07576 0.51894 0.36364 0.31439 -0.53788 0.32955 0.12121 -0.14773 0.01894 -0.53409 -0.57576 0.17803 0.29167 -0.27273 0.25758 -0.57576 0.43182 0.24242 0.18182 -0.02273 0.17045 -0.41667 
1 0 0.84557 -0.0858 -0.31745 -0.80553 -0.08961 -0.56435 0.80648 0.04576 0.89514 -0.00763 -0.18494 0.63966 -0.20019 -0.68065 0.85701 -0.11344 0.77979 -0.15729 -0.06959 0.5081 -0.34128 0.80934 0.78932 -0.03718 0.70882 -0.25288 0.77884 -0.14109 -0.21354 -0.7817 -0.18494 -0.59867 
1 0 0.949618 0.33706 0.95201 -0.346128 1 -0.0029975 0.995378 0.008105 0.922448 0.204372 0.994663 -0.06635 0.995535 -0.0117525 0.97888 -0.118837 0.909045 -0.04146 0.9935 -0.0707375 0.974657 0.191283 1 -0.159853 0.98163 -0.0301975 0.883875 0.20152 0.986445 -0.204415 0.942195 -0.10742 
0.666667 0 -0.524307 -0.833333 0 0 -0.163953 0.07166 0.690147 0.154803 -0.136807 -0.13095 0 0 0 0 0.721527 -0.573757 -0.0145033 -0.60617 0.656893 -0.666667 -0.333333 -0.333333 0.995833 -0.66814 -1 -0.333333 -0.759723 -0.91875 0.333333 -0.333333 -0.333333 0.333333 
1 0 -1 1 -1 0.15244 0.28354 1 -1 1 -1 -1 1 1 -1 -0.23476 0.28301 -1 1 1 -0.31402 -1 -1 -1 1 -1 -1 -0.03578 1 -1 -1 -0.32317 0.14939 1 
1 0 0.957045 -0.025794 0.973765 0.283619 0.914725 0.125049 0.923719 0.144653 0.881784 0.36327 0.927822 0.510919 0.804642 0.440283 0.618588 0.360999 0.88536 0.550813 0.843877 0.683703 0.779094 0.504598 0.806667 0.745778 0.74008 0.708955 0.747627 0.609349 0.263212 0.7812 0.499376 0.654945 
1 0 0.50932 -0.93996 1 0.26708 -0.0352 -1 1 -1 0.43685 -1 0 0 -1 -0.34265 -0.37681 0.03623 1 -1 0 0 0 0 -0.16253 0.92236 0.39752 0.26501 0 0 1 0.23188 0 0 
1 0 0.90863 0.162055 0.734247 0.275372 0.746712 0.385533 0.632178 0.692333 0.530382 0.759658 0.342795 0.754362 0.251598 0.698512 0.0810933 0.85942 -0.141258 0.813442 -0.205868 0.715047 -0.342098 0.628692 -0.520208 0.642665 -0.492728 0.568168 -0.65242 0.429137 -0.687923 0.24544 -0.524065 0.125868 
1 0 0.967685 0.117235 0.96858 0.2523 0.920475 0.359115 0.79702 0.500735 0.736645 0.601195 0.610985 0.73471 0.530705 0.738325 0.355405 0.824675 0.23338 0.828645 0.117105 0.838885 -0.0062 0.843695 -0.112525 0.77688 -0.21917 0.735955 -0.32441 0.66201 -0.394115 0.594425 -0.45117 0.501845 
1 0 0.961905 0.108955 0.944457 0.235508 0.951512 0.32557 0.864943 0.50776 0.860027 0.512423 0.710907 0.563623 0.760878 0.569182 0.68152 0.663473 0.60087 0.619473 0.512087 0.68798 0.479413 0.720282 0.374425 0.724637 0.269642 0.74257 0.162497 0.744552 0.0433917 0.735683 -0.08654 0.743802 
1 0 0.409483 -0.0870567 0.6881 -0.0202333 0.346857 -0.325183 0.339067 0.02112 0.45535 -0.0578233 0.55055 0.220793 0.631383 -0.28026 0.425233 0.0662567 0.446543 0.0239267 0.34572 0.331997 0.72753 0.0714967 0.328017 0.149837 0.51533 -0.00618 0.468823 -0.0183733 0.474817 -0.16095 0.490097 -0.147533 
0.5 0 1 -0.933505 1 0.6114 0.92746 0.30052 1 0.43955 1 0.675735 1 -0.46114 1 -0.573835 1 0 1 -1 0.809155 0.579015 1 0.811745 1 -0.58506 1 0.67962 1 -0.83247 1 0.94214 1 -0.59413 
1 0 1 -0.08714 1 -0.17263 0.86635 -0.81779 0.94817 0.61053 0.95473 -0.41382 0.88486 -0.31736 0.87937 -0.23433 0.81051 -0.6218 0.12245 -1 0.90284 0.11053 0.62357 -0.78547 0.55389 -0.82868 0.48136 -0.86583 0.4065 -0.89674 0.32984 -0.92128 -0.13341 -1 
1 0 0.63816 1 0.20833 -1 1 1 0.87719 0.30921 -0.66886 1 -0.05921 0.58772 0.01754 0.05044 -0.51535 -1 0.14254 -0.03289 0.32675 -0.4386 -1 1 0.80921 -1 1 -0.0614 1 1 0.20614 -1 1 1 
1 0 0.467128 0.0184922 0.466336 0.0719189 0.421374 0.0796567 0.403019 0.06318 0.453637 -0.0217289 0.398188 0.0117422 0.471621 0.0553522 0.468726 -0.0675889 0.385437 -0.00389111 0.35515 0.0337044 0.287736 0.0402678 0.365697 -0.0211989 0.348618 -0.00116778 0.293247 0.0340611 0.354584 -0.02394 0.267549 -0.0302456 
1 0 0.864263 0.0822433 0.814307 0.263597 0.733823 0.274427 0.603163 0.45245 0.614313 0.4948 0.459913 0.594337 0.391773 0.539323 0.267897 0.633937 0.160527 0.63307 0.0455067 0.615617 -0.00150667 0.62648 -0.133933 0.576343 -0.161403 0.520607 -0.194223 0.471203 -0.289557 0.399307 -0.282227 0.370287 
1 0 1 -0.08183 1 -0.11326 0.99246 -0.29802 1 -0.33075 0.96662 -0.34281 0.85788 -0.47265 0.91904 -0.4817 0.73084 -0.65224 0.68131 -0.63544 0.8245 -0.78316 0.58829 -0.74785 0.67033 -0.96296 0.48757 -0.85669 0.37941 -0.83893 0.24117 -0.88846 0.29221 -0.89621 
1 0 0.904177 -0.183957 0.687173 0.0386033 0.734203 -0.11812 0.83923 0.0344067 0.95082 -0.137523 0.608157 0.333333 0.7158 -0.405993 0.447913 -0.180797 0.72717 -0.21033 0.34487 0.338047 0.758697 -0.0351267 0.439253 -0.281827 0.688467 -0.279317 0.51692 -0.16069 0.62326 -0.636917 0.257817 -0.43627 
0 0 1 -1 0 0 0 0 1 1 1 -1 -0.71875 1 0 0 -1 1 1 1 -1 1 1 0.5625 -1 1 1 1 1 -1 1 1 1 1 
1 0 0.902605 0.36078 0.701825 0.66774 0.320595 0.86931 -0.02638 0.836845 -0.306945 0.894715 -0.646255 0.74178 -0.846255 0.408115 -0.90059 0.089965 -0.908205 -0.10413 -0.65505 -0.5815 -0.42888 -0.732555 -0.123165 -0.818075 0.18403 -0.783205 0.447895 -0.63948 0.63256 -0.414065 0.694155 -0.132495 
0 0 0 0 -1 -1 1 1 -1 1 -1 1 1 -1 1 1 -1 -1 -1 1 1 -1 -1 1 -1 1 1 -1 -1 1 -1 -1 1 -1 
1 0 1 -0.5421 1 -1 1 -1 1 0.36217 1 -0.41119 1 1 1 -1 1 -0.29354 1 -0.93599 1 1 1 1 1 -0.40888 1 -0.62745 1 -1 1 -1 1 -1 
1 0 0.899207 0.337957 0.705637 0.67099 0.414593 0.839677 0.0411233 0.893947 -0.280457 0.847697 -0.53241 0.608327 -0.744177 0.406817 -0.755863 0.05488 -0.68047 -0.220467 -0.51489 -0.467103 -0.30255 -0.60298 -0.0205233 -0.6484 0.191577 -0.567417 0.378767 -0.407907 0.48819 -0.212527 0.49206 -0.00445667 
1 0 1 0.08682 0.986313 0.11641 0.99988 0.178545 0.996505 0.05493 0.97444 0.17356 0.971762 0.177563 0.960257 0.248528 0.941063 0.128798 0.950993 0.16179 0.95772 0.31502 0.914033 0.347332 0.91965 0.163392 0.892188 0.308213 0.867337 0.307663 0.837788 0.360988 0.844565 0.380775 
1 0 0.863492 0.334302 0.71262 0.567846 0.42647 0.719932 0.166126 0.887266 -0.126556 0.880258 -0.466138 0.75661 -0.64221 0.512574 -0.784882 0.310514 -0.847658 0.0156 -0.728186 -0.284242 -0.611524 -0.482166 -0.418146 -0.658208 -0.154934 -0.722516 0.101308 -0.691654 0.33354 -0.59805 0.426346 -0.463366 
1 0 0.39286 0.52381 -0.78824 0.11342 -0.16628 -0.76378 0.66667 0.0119 0.82143 0.40476 -0.6723 0.30729 -0.34797 -0.63668 0.46429 0.15476 0.54762 0.05952 -0.5183 0.44961 -0.47651 -0.47594 0.32143 0.70238 0.51971 0.38848 0.57143 0.39286 -0.54891 -0.29915 0.25441 -0.55837 
0 0 -1 1 1 -1 -1 1 0 0 1 1 -1 -0.1875 1 1 -1 -1 1 -1 -1 -1 1 1 1 -1 1 1 1 1 0 0 -1 -1 
1 0 0.51207 1 1 0.5381 0.71178 0.80833 0.45622 0.46427 0.33081 1 0.21249 1 -0.17416 1 -0.33081 0.98722 -0.61382 1 -0.52674 0.71699 -0.885 0.47894 -1 0.35175 -1 0.09569 -1 -0.16713 -1 -0.42226 -0.91903 -0.65557 
1 0 1 -0.28428 1 -0.25346 0.94623 -0.35094 1 -0.30566 0.92736 -0.49057 0.90818 -0.44119 0.75723 -0.58899 0.69748 -0.58019 0.59623 -0.57579 0.68459 -0.70975 0.54465 -0.87327 0.49214 -0.73333 0.35504 -0.76054 0.26352 -0.78239 0.16604 -0.73145 0.13994 -0.7 
0 0 -1 -1 1 1 1 -1 -1 1 1 -1 -1 -1 0 0 1 1 -1 -1 1 -1 1 -1 1 1 1 -1 1 -1 -1 1 1 -1 
0 0 1 1 1 -1 0 0 0 0 1 1 1 1 -1 -1 1 -1 -1 1 0 0 1 -1 1 -1 1 1 -1 -1 0 0 0 0 
1 0 1 0.06655 1 -0.18388 1 -0.2732 1 -0.43107 1 -0.41349 0.96232 -0.51874 0.90711 -0.59017 0.8923 -0.66474 0.69876 -0.70997 0.70645 -0.7632 0.63081 -0.80544 0.55867 -0.89128 0.47211 -0.865 0.40303 -0.83675 0.30996 -0.89093 0.22995 -0.89158 
0.333333 0 -0.333333 0.0936833 0.0740733 0.716777 0.414357 0.430053 -0.43573 -0.09586 -0.333333 0.333333 -0.938997 -0.553377 -0.59695 -0.11288 -0.993463 -0.943357 0.132897 -0.51416 0.318083 -0.610023 0.64706 0.0196067 0 -0.477123 0.24795 0.0305867 -0.333333 0.01743 0.0610033 0.00871333 -0.134003 -0.160803 
1 0 0.47368 -0.10526 0.83781 0.01756 0.83155 0.02615 0.68421 -0.05263 0.68421 0 0.79856 0.05028 0.78315 0.05756 0.84211 0.47368 1 0.05263 0.7255 0.07631 0.70301 0.08141 0.42105 0.21053 0.65419 0.08968 0.52632 -0.21053 0.6015 0.09534 0.57418 0.09719 
1 0 1 1 1 -1 1 -1 1 1 1 1 1 1 1 -1 1 1 1 1 1 1 1 1 1 1 1 0.5 0 0 1 -1 1 -1 
1 0 0.89706 0.38235 0.91176 0.375 0.74265 0.67647 0.45588 0.77941 0.19118 0.88971 -0.02206 0.86029 -0.20588 0.82353 -0.375 0.67647 -0.5 0.47794 -0.73529 0.38235 -0.86029 0.08824 -0.74265 -0.125 -0.67925 -0.24131 -0.55147 -0.42647 -0.44118 -0.50735 -0.28676 -0.56618 
0 0 0 0 0 0 0 0 0 0 0 0 1 1 1 1 1 -1 0 0 1 1 1 -1 1 1 1 0 1 1 1 -1 0 0 
1 0 -1 -1 1 1 1 -0.14375 0 0 -1 1 1 1 0.17917 -1 -1 -1 0.0875 -1 1 -1 -1 1 -1 -1 1 -1 -1 -1 1 1 0 0 
1 0 0.866133 0.333577 0.942697 0.688317 0.859397 0.685913 0.9467 -0.114537 0.943417 -0.0210167 0.925473 -0.428827 0.851993 0.385723 0.794363 -0.277093 0.962243 -0.0184033 0.964643 -0.478733 0.955567 -0.260017 0.523917 -0.22575 1 0.10278 0.876527 0.280743 0.95919 0.67262 0.84902 0.320317 
1 0 0.972647 -0.107963 0.988668 -0.003145 0.984603 -0.144148 0.979468 -0.142607 0.946375 -0.442782 0.946942 -0.344335 0.926732 -0.330565 0.930657 -0.304617 0.895583 -0.535333 0.8516 -0.461635 0.822498 -0.649677 0.831275 -0.558045 0.757787 -0.644907 0.670578 -0.739567 0.692758 -0.715478 0.658343 -0.69111 
1 0 -0.67935 -1 -1 1 1 0.63317 0.03515 -1 -1 -1 1 1 0.88683 -1 -1 1 0.8384 1 1 -1 -1 -1 -0.18856 1 1 -1 -1 -1 -1 1 1 0.33611 
1 0 1 0.00298 0.99575 -0.866855 0.94759 -0.98725 1 -0.67909 1 -0.616145 0.81445 -0.93201 1 -0.787675 1 -0.898015 0.883855 -0.94476 0.983005 -0.81398 0.8506 -0.87448 0.80973 -0.88452 0.768885 -0.88993 0.9051 -1 1 -1 0.652225 -0.88056 
0 0 -1 1 0 0 0 0 -1 1 1 1 0 0 0 0 1 -1 -1 1 1 1 0 0 -1 -1 1 -1 1 1 -1 1 0 0 
1 0 0.6863 -0.179223 0.809987 0.185987 0.82701 0.272163 0.72816 0.00795 0.55056 -0.22656 0.78577 -0.0107333 0.667567 0.39604 0.619553 -0.07082 0.688607 0.00884333 0.820553 -0.116023 0.83271 -0.565443 0.631057 0.0585133 0.58555 -0.0264633 0.51724 -0.0870433 0.34026 0.03114 0.686113 0.29436 
1 0 -0.236276 -0.010278 -0.122336 0.317526 0.104024 -0.015364 0.326516 -0.201122 0.397532 0.23243 0.03639 -0.081718 0.089296 -0.00983 0.371174 0.113658 0.467188 -0.352772 0.100928 -0.004508 -0.146974 -0.52322 0.185 0.004186 0.688946 -0.411614 -0.37409 0.06625 0.007442 0.235402 0.305264 -0.05379 
0 0 1 1 -1 -1 -1 -1 0 0 0 0 -1 -1 0 0 0 0 0 0 -1 1 1 1 0 0 1 -1 0 0 -1 -1 -1 -1 
1 0 0.974157 0.00742667 0.967913 -0.0359133 0.86458 -0.2533 0.829243 -0.223183 0.675707 -0.244203 0.668553 -0.269633 0.564083 -0.37834 0.45796 -0.512327 0.3755 -0.48327 0.35843 -0.43025 0.296647 -0.48417 0.140007 -0.603003 0.1727 -0.537283 0.02682 -0.520893 0.0270333 -0.54992 0.02096 -0.533993 
1 0 1 1 1 -1 0 0 0 0 1 1 1 -1 1 1 1 -1 0 0 0 0 1 -0.27778 0 0 1 -1 1 1 1 -1 0 0 
1 0 0.87003 -0.0484667 0.954707 -0.12546 0.939843 -0.32601 0.808793 -0.00111333 0.635377 -0.170067 0.867967 -0.0781033 0.77362 -0.33968 0.703887 -0.110077 0.73251 -0.08219 0.82765 -0.210503 0.775897 0.0219267 0.706947 -0.309387 0.750823 -0.233353 0.627437 -0.125403 0.73513 -0.296923 0.73954 -0.400387 
1 0 0.790044 -0.0228264 0.831242 0.08582 0.772001 0.122732 0.677043 -0.0610436 0.694878 0.188871 0.74773 0.132542 0.755459 0.126804 0.714236 0.158038 0.64412 0.203475 0.664975 0.122059 0.658421 0.06018 0.589629 0.164419 0.572591 0.166651 0.52345 0.170451 0.511388 0.175905 0.611146 0.273742 
1 0 0.550245 -0.15563 0.80906 0.04338 0.726085 0.691305 0.50519 0.1678 0.52239 0.200085 0.596965 -0.525665 0.541355 0.52868 0.527435 -0.265285 0.413645 -0.18827 0.462655 0.132655 0.682275 0.208385 0.391595 0.02122 0.496195 0.05183 0.404055 -0.0353 0.51733 -0.05848 0.42423 0.13769 
1 0 0.24652 -0.0237433 -0.229313 0.501953 -0.23687 0.828293 0.0701267 0.771633 -0.363193 -0.0555967 -0.75022 -0.164497 -0.972343 0.31418 -0.130323 0.0830467 -0.343167 -0.452047 -0.334877 -0.918627 -0.29329 -0.328343 -0.145837 -0.00348333 0.577787 -0.411247 -0.137793 -0.14903 -0.211597 -0.220547 -0.24809 0.36116 
1 0 0.563178 -0.01875 0.607685 -0.0196247 0.594215 0.00318867 0.577323 -0.00711733 0.576171 -0.00436267 0.60932 0.0133467 0.605027 -0.0170807 0.581891 -0.0165973 0.579405 -0.0267133 0.555439 0.00885333 0.538129 -0.0239853 0.535038 -0.0305167 0.528835 -0.01992 0.497829 -0.0201047 0.505214 -0.0299253 0.481185 -0.021012 
1 0 -1 -0.59677 0 0 -1 0.64516 -0.87097 1 0 0 0 0 0 0 0 0 0 0 -1 -1 0 0 0.29839 0.23387 1 0.51613 0 0 0 0 0 0 
0 0 1 1 1 -1 1 1 0 1 0.5 0.5 1 1 0.5 0.5 0.5 -0.5 -1 1 -1 1 0 1 1 -1 1 1 0 1 0 -1 -1 1 
1 0 0.790758 0.3435 0.684312 0.432858 0.339695 0.775325 0.0730925 0.761772 -0.137802 0.72132 -0.340705 0.532885 -0.49908 0.350705 -0.59359 0.127332 -0.51003 -0.0675275 -0.450107 -0.132722 -0.262068 -0.342345 -0.15349 -0.296597 0.025415 -0.356533 0.150643 -0.275665 0.236715 -0.204343 0.265865 0.0186925 
1 0 0.99539 -0.05889 0.85243 0.02306 0.83398 -0.37708 1 0.0376 0.85243 -0.17755 0.59755 -0.44945 0.60536 -0.38223 0.84356 -0.38542 0.58212 -0.32192 0.56971 -0.29674 0.36946 -0.47357 0.56811 -0.51171 0.41078 -0.46168 0.21266 -0.3409 0.42267 -0.54487 0.18641 -0.453 
0 0 -0.0909091 0.0909091 0.181818 -0.181818 0 0 -0.0909091 0.0909091 0 -0.363636 0 -0.363636 -0.0909091 -0.0909091 0 0.159091 -0.272727 -0.0909091 -0.363636 0.363636 0 0.181818 0.272727 -0.0909091 1 0 -0.181818 0 0.272727 0.590909 -0.0909091 0.0909091 
1 0 1 1 0 0 1 -1 -1 -1 1 1 1 -1 0 0 1 -1 1 1 0 0 1 -1 -1 -1 1 1 -1 1 -1 1 0 0 
1 0 0.89589 0.39286 0.66129 0.71804 0.29521 0.90824 -0.04787 0.94415 -0.45725 0.84605 -0.7766 0.58511 -0.92819 0.25133 -0.92282 -0.15315 -0.76064 -0.48404 -0.50931 -0.76197 -0.14895 -0.88591 0.21581 -0.85703 0.53229 -0.68593 0.74846 -0.40656 0.83142 -0.07029 0.76862 0.27926 
1 0 0 0 0 0 0 0 0 0 1 -0.33333 0.16667 0.26042 0 0 0 0 0 0 -0.19792 -0.21875 -0.16667 0.90625 -1 0.5 0.04167 0.75 -0.22917 -1 -0.125 -0.27083 -0.19792 -0.9375 
1 0 0.34694 0.20408 0.46939 0.2449 0.40816 0.20408 0.46939 0.44898 0.30612 0.59184 0.12245 0.55102 0 0.5102 -0.06122 0.55102 -0.20408 0.55102 -0.28571 0.44898 -0.28571 0.32653 -0.61224 0.22449 -0.46579 0.14895 -0.59184 0.18367 -0.34694 0 -0.26531 -0.2449 
1 0 0.95606 0.20678 0.88621 0.454508 0.74882 0.61129 0.520372 0.774824 0.348726 0.874854 0.128838 0.88133 -0.08191 0.889868 -0.27288 0.797876 -0.448246 0.694082 -0.57404 0.521794 -0.68451 0.379314 -0.697914 0.188014 -0.723662 0.026826 -0.689694 -0.146362 -0.60644 -0.27792 -0.50884 -0.408744 
1 0 0.84783 0.10598 1 0.3913 1 -1 0.66938 0.08424 1 0.27038 1 0.60598 1 0.35507 1 0.02672 0.58424 -0.43025 1 0.63496 0.8913 0.26585 0.91033 -0.33333 1 0.15942 0.37681 -0.01947 1 0.22464 1 0.37409 
0 0 1 1 1 -1 1 1 1 1 1 1 1 -1 1 1 1 -1 1 -1 1 1 1 1 1 -1 1 1 1 1 1 1 1 1 
1 0 0.844467 0.501857 0.488411 0.682924 0.067164 0.868737 -0.381654 0.843166 -0.69388 0.501734 -0.870725 0.113528 -0.831496 -0.242022 -0.537041 -0.609118 -0.128903 -0.851309 0.20529 -0.803643 0.582416 -0.479418 0.748565 -0.235846 0.780022 0.17497 0.639034 0.608353 0.246572 0.613395 -0.102936 0.69947 
1 0 0.876997 0.336193 0.790195 0.514397 0.586485 0.70118 0.338035 0.83614 0.0968325 0.94507 -0.182917 0.918607 -0.422492 0.80726 -0.62505 0.646558 -0.786065 0.47523 -0.813837 0.172448 -0.845063 -0.073015 -0.839468 -0.32311 -0.665778 -0.485742 -0.514223 -0.568035 -0.261555 -0.729855 -0.0946275 -0.761622 
1 0 1 -1 1 1 1 -1 1 -1 1 -1 1 -0.0184 1 -1 1 1 1 -0.85583 1 1 1 -1 0 0 1 1 1 -0.79141 1 1 1 1 
1 0 1 -0.92453 1 0.75472 0.49057 -0.0566 0.62264 0 1 -0.00054 0.45283 0.07547 0.62264 -0.0566 0.98878 -0.00085 0.5283 0 0.5283 0.07547 0.9519 -0.00112 1 0.79245 0.92192 -0.00128 0.9434 -1 1 0.43396 0.43396 -0.11321 
1 0 0.936774 0.00900857 0.95585 0.003945 0.933969 0.00621714 0.943641 0.0193943 0.944951 0.0137836 0.958496 0.0396807 0.960764 0.0206614 0.966214 0.0401271 0.950045 0.0217443 0.911989 0.0623936 0.912838 0.0623936 0.927382 0.0631771 0.927604 0.0522529 0.914361 0.0429257 0.944355 0.0589179 0.926548 0.0461771 
0 0 1 -1 1 1 -1 -1 1 -1 0 0 0 0 -1 1 1 -1 1 -1 -0.75 1 1 -1 1 -1 1 -1 -1 -1 0 0 1 -1 
1 0 1 1 0 0 0 0 0 0 0.47744 -0.89098 -0.51504 0.45489 -0.95489 0.28571 0.64662 1 0 0 0 0 0.6203 0.20301 -1 -1 1 -1 1 1 0 0 0 0 
0 0 1 0 0.5 -0.5 1 -1 1 -1 1 1 1 1 1 -1 1 1 1 1 1 0 0 -1 1 -1 1 -1 1 0.828125 0 0 1 -1 
1 0 0.138335 0.0597713 -0.00281467 -0.0151087 0.0185813 -0.0103967 -0.05324 -0.0470233 -0.0551787 -0.0463 0.160445 -0.06148 -0.016462 -0.043918 -0.103171 -0.0682413 -0.0567707 -0.136682 0.137453 -0.0882707 0.0702253 -0.185988 0.05873 0.0568613 0.0593033 -0.027926 0.145102 -0.0607127 -0.0377507 0.067958 0.0113573 0.00161333 
1 0 0.650885 -0.02877 0.86967 0.048995 0.55511 0.430825 0.705205 -0.003675 0.646835 -0.028785 0.59805 -0.461625 0.558625 0.56854 0.6818 0.22844 0.71031 0.166395 0.5541 -0.351745 0.854755 0.08021 0.626605 0.15031 0.687155 0.17396 0.746155 0.07704 0.60822 0.222155 0.414935 0.42404 
0 0 1 -1 1 1 1 -1 1 1 1 -1 1 1 1 -1 1 -1 1 1 1 1 1 -1 1 -1 1 -1 1 1 1 -1 1 1 
1 0 0.47938 -0.12371 0.42784 -0.12371 0.70103 -0.39175 0.73196 0.07216 0.26289 -0.21649 0.49485 0.15979 0.45361 -0.11856 0.42268 0.06186 0.5 -0.2732 0.54639 0.18557 0.42268 0.08247 0.70619 0.19588 0.53396 -0.12447 0.15464 -0.26289 0.47423 0.04124 0.45361 -0.51546 
